0.0 0.0 0.0 0.0 0.0 0.0 0.0 0.0 0.0 0.0 0.0 0.0 0.0 0.0 0.0 0.0 0.0 0.0 0.0 0.0 0.0 0.0 0.0 0.0 0.0 0.0 0.0 0.0 0.1111111111111111 0.0 0.0 0.0 0.0 0.0
0.125 0.0
0.25 0.2 0.0 0.2 0.14285714285714285 0.0 0.375 0.3076923076923077 0.22727272727272727 0.0 0.38461538461538464 1.0 0.7222222222222222 0.2692307692307692 0.6 0.375 0.625 0.6875 0.39285714285714285 0.0 0.34782608695652173 0.391304347826087 0.4782608695652174 0.4166666666666667 0.16666666666666666 0.4583333333333333 0.0 0.4 0.25 0.1 0.3076923076923077 0.5384615384615384 0.17647058823529413 0.8823529411764706 0.9166666666666666 0.45454545454545453 0.0 0.4444444444444444 0.5 0.13636363636363635 0.0 0.0 0.0 0.3333333333333333 0.5384615384615384 0.6818181818181818 0.3333333333333333 0.25806451612903225 0.875 0.8333333333333334 0.045454545454545456 0.22727272727272727 0.0 0.18181818181818182 0.0 0.0 0.5384615384615384 0.375 0.3157894736842105 0.03333333333333333 0.4375 0.3333333333333333 0.38461538461538464 0.18181818181818182 0.4 1.0 0.26666666666666666 0.3333333333333333 0.56 1.0 0.71875 0.3333333333333333 0.6 0.35714285714285715 0.75 1.0 0.5714285714285714 0.6666666666666666 0.8181818181818182 0.0 0.08333333333333333 0.0 0.125 0.5151515151515151 0.29411764705882354 0.0 0.16666666666666666 0.0 0.07692307692307693 0.0 0.1111111111111111 0.4444444444444444 0.625 0.75 0.68 0.20512820512820512 0.07142857142857142 0.0 0.2 0.7368421052631579
0.375 0.09090909090909091 0.1 0.5238095238095238 0.18181818181818182 0.6153846153846154 0.13333333333333333 0.07692307692307693 0.2 0.23076923076923078 0.18181818181818182 0.4 0.3076923076923077 0.25 0.42857142857142855 0.4166666666666667 0.125 0.3 0.46153846153846156 0.08333333333333333 0.3548387096774194 0.4838709677419355 0.3333333333333333 0.2727272727272727 0.15 0.07142857142857142 0.25 0.16666666666666666 0.3333333333333333 0.09090909090909091 0.5384615384615384 0.0 0.5416666666666666 0.14285714285714285 0.2916666666666667 0.46153846153846156 0.26666666666666666 0.0 0.12 0.8 0.09090909090909091 0.2727272727272727 0.09090909090909091 0.0 0.07142857142857142 0.3333333333333333 0.4 0.35714285714285715 0.08333333333333333 0.15384615384615385 0.25 0.25 0.2631578947368421 0.5625 0.3125 0.6923076923076923 0.6 0.9 0.6 0.5384615384615384 0.2 0.52 0.25 0.8125 0.10526315789473684 0.2 0.14285714285714285 0.2857142857142857 0.3333333333333333 0.3333333333333333 0.625 0.125 0.3333333333333333 0.6666666666666666 0.7272727272727273 0.3333333333333333 0.42857142857142855 0.25 0.3125 0.5454545454545454 0.4166666666666667 0.47058823529411764 0.6923076923076923 0.05263157894736842 0.3333333333333333 0.125 0.7666666666666667 0.27586206896551724 0.5652173913043478 0.16666666666666666 0.0 0.64 0.09523809523809523
0.5
0.625
0.75 0.75 1.0 0.8571428571428571 0.6666666666666666 1.0 0.5454545454545454 1.0 0.6923076923076923 0.9230769230769231 0.9090909090909091 0.9230769230769231 0.6666666666666666 0.6363636363636364 0.7777777777777778 0.8888888888888888 0.5454545454545454 1.0 0.5 0.8 0.16666666666666666 0.5 0.6 0.7692307692307693 0.3076923076923077 0.9615384615384616 1.0 0.95 1.0 1.0 0.5333333333333333 0.9333333333333333 0.9333333333333333 1.0 1.0 0.6363636363636364 0.9166666666666666 0.9565217391304348 0.6153846153846154 0.9444444444444444 0.8571428571428571 0.5 0.9666666666666667 0.6 0.39285714285714285 0.9166666666666666 0.0 0.625 0.3333333333333333 0.4166666666666667 0.9090909090909091 0.6875 0.8888888888888888 1.0 0.4 0.75 0.9166666666666666 0.75 0.9333333333333333 0.42857142857142855 0.6 0.9090909090909091 0.2222222222222222 0.6666666666666666 0.9473684210526315 0.76 0.125 0.0 0.0 0.8571428571428571 1.0 1.0 0.8125 0.0 0.75 0.0 0.2727272727272727 0.6666666666666666 0.9285714285714286 1.0 0.8333333333333334 0.16666666666666666 0.3333333333333333 0.6666666666666666 0.5 0.5555555555555556 0.7857142857142857 0.9285714285714286 0.8571428571428571 1.0 0.0 0.875 0.0 0.2 0.4 0.42857142857142855 0.7142857142857143 0.3333333333333333 0.8333333333333334 0.42857142857142855 0.16666666666666666 0.8 0.8888888888888888 0.5555555555555556 0.96875 0.9166666666666666 0.6666666666666666 0.8095238095238095 0.7777777777777778 0.75 1.0 1.0 1.0 0.7272727272727273 0.6 0.1111111111111111 1.0 0.8333333333333334 0.3333333333333333 0.5555555555555556 0.7777777777777778 0.0 0.9 0.6666666666666666 0.5 0.6666666666666666 0.3333333333333333 0.2727272727272727 0.5454545454545454 0.25 0.6666666666666666 1.0 0.8125 0.7 0.25 0.8947368421052632 0.9090909090909091 0.3333333333333333 0.2631578947368421 0.7142857142857143 1.0 0.4444444444444444 0.391304347826087 0.625 0.5384615384615384 0.64 0.8888888888888888 0.0 0.4583333333333333 0.09090909090909091 0.5555555555555556 0.8888888888888888 0.9523809523809523
0.875
1.0 0.6363636363636364 0.9 1.0 1.0 0.0 0.9375 1.0 1.0 1.0 1.0 0.875 0.9411764705882353 1.0 0.9090909090909091 0.9230769230769231 1.0 0.8461538461538461 0.875 0.9473684210526315 1.0 0.9583333333333334 0.5454545454545454 0.9130434782608695 0.45454545454545453 0.5 0.7857142857142857 0.6666666666666666 0.75 0.1111111111111111 1.0 1.0 0.5555555555555556 0.6428571428571429 0.7333333333333333 0.6 0.5 1.0 1.0 0.75 0.8181818181818182 0.9375 1.0 1.0 0.09090909090909091 0.8571428571428571 0.8333333333333334 1.0 1.0 0.7142857142857143 0.8666666666666667 1.0 0.8888888888888888 1.0 0.375 0.36363636363636365 0.1875 0.7777777777777778 0.125
0.0
0.25 0.7272727272727273 0.5 0.8095238095238095 0.5 0.9375 0.45454545454545453 0.09090909090909091 0.07692307692307693 0.8461538461538461 0.7272727272727273 0.375 0.8636363636363636 0.5454545454545454 0.6111111111111112 0.8823529411764706 0.5454545454545454 1.0 0.9473684210526315 1.0 1.0 0.8 1.0 0.2692307692307692 0.8947368421052632 0.625 1.0 0.8571428571428571 0.46153846153846156 0.6538461538461539 0.9375 0.6666666666666666 0.7333333333333333 1.0 0.8928571428571429 1.0 0.28125 0.875 0.45454545454545453 1.0 0.4782608695652174 0.3235294117647059 0.35294117647058826 0.9411764705882353 0.9705882352941176 0.0 0.8333333333333334 0.6470588235294118 0.0 0.8 1.0 0.7222222222222222 0.6363636363636364 0.5 0.75 0.8387096774193549 0.07142857142857142 0.0 0.75 0.5454545454545454 0.55 0.625 0.7 0.625 0.5714285714285714 0.7777777777777778 0.5833333333333334 0.45454545454545453 0.8 0.3888888888888889 0.5714285714285714 0.8571428571428571 1.0 0.875 0.9545454545454546 1.0 0.5454545454545454 0.8947368421052632 0.0 0.6666666666666666 0.4 0.25 0.875 0.0 0.0 0.6666666666666666 0.4 0.5 0.6666666666666666 0.7142857142857143 0.5714285714285714 0.5 0.4166666666666667 0.8571428571428571 0.875 0.75 0.875 0.9375 1.0 0.8888888888888888 0.8333333333333334 0.7777777777777778 0.7142857142857143 0.625 1.0 0.9375 1.0 1.0 0.75 0.625 0.5714285714285714 0.8974358974358975 0.46153846153846156 0.6 0.42105263157894735 0.8888888888888888 0.5 0.25 0.4166666666666667 0.4444444444444444 0.9523809523809523 0.18181818181818182 0.8571428571428571
0.5
1.0 0.6 0.7692307692307693 1.0 0.36363636363636365 0.8181818181818182 0.7222222222222222 0.7272727272727273 0.9090909090909091 0.625 0.7647058823529411 0.4 0.8333333333333334 1.0 0.375
0.18181818181818182 0.2 0.5714285714285714 0.4 0.46153846153846156 0.06666666666666667 0.15384615384615385 0.2727272727272727 0.46153846153846156 1.0 0.6666666666666666 0.34615384615384615 0.65 0.3076923076923077 0.875 0.6666666666666666 0.5 0.7666666666666667 0.375 0.5 0.45454545454545453 0.6153846153846154 0.21428571428571427 1.0 0.5833333333333334 0.3 0.36363636363636365 0.1 0.21428571428571427 0.4166666666666667 0.8888888888888888 0.4583333333333333 0.4166666666666667 0.7142857142857143 0.8285714285714286 0.6153846153846154 0.9090909090909091 0.7142857142857143 0.2857142857142857 0.8333333333333334 0.75 0.36363636363636365 0.5 0.36363636363636365 0.2 0.3 0.6666666666666666 0.625 0.16666666666666666 0.3125 0.5454545454545454 0.5263157894736842 0.625 0.6666666666666666 0.375 0.75 0.8 1.0 0.5 0.3333333333333333 0.4444444444444444 0.48 0.21875 0.3333333333333333 0.2857142857142857 0.15789473684210525 1.0 0.7 0.625 0.6875 0.7142857142857143 0.3333333333333333 1.0 0.9090909090909091 1.0 1.0 0.375 0.0 0.375 0.1875 0.5757575757575758 0.4583333333333333 0.35294117647058826 0.2222222222222222 0.125 0.043478260869565216 0.2857142857142857 0.5333333333333333 0.15384615384615385 0.12 0.6 0.3103448275862069 0.7931034482758621 0.13333333333333333 0.72 0.14285714285714285 0.7105263157894737
0.2727272727272727 0.2
0.36363636363636365
0.45454545454545453
0.5454545454545454 0.5
0.8181818181818182 0.0
0.9090909090909091
1.0 0.9375
0.0 0.0 1.0 0.0 0.0 0.0 0.0 0.0 0.0 0.0
0.3
0.4 1.0
0.7
0.8 0.7894736842105263 0.75 0.9 1.0
0.0 0.045454545454545456 0.0 0.0 0.0 0.0 0.0 0.6666666666666666 0.0
0.047619047619047616 0.09090909090909091 1.0 0.0625
0.09523809523809523 0.19047619047619047 0.5333333333333333 0.9333333333333333 0.5714285714285714 0.7619047619047619 0.22857142857142856
0.14285714285714285 0.6086956521739131
0.23809523809523808
0.2857142857142857
0.3333333333333333
0.38095238095238093 1.0
0.42857142857142855
0.47619047619047616 0.8571428571428571 0.9285714285714286 1.0 0.06666666666666667 0.0 0.13333333333333333 0.0625 0.13636363636363635 0.2 0.23076923076923078 0.36363636363636365 0.125 0.5833333333333334 0.625 0.38461538461538464 0.0 0.25 0.18181818181818182 0.0 0.3125 0.08333333333333333 0.25 0.045454545454545456 0.46153846153846156 0.25 0.38461538461538464 0.7272727272727273 0.2 0.08 0.7 0.13636363636363635 0.3125 0.0 0.0 0.16666666666666666 0.3 0.0 0.1875 0.0 0.07692307692307693 0.4375 0.5333333333333333 0.5666666666666667 0.6 0.6333333333333333 0.6666666666666666 0.7 0.7333333333333333 0.7666666666666667 0.8 0.8333333333333334 0.8666666666666667 0.9 0.9333333333333333 0.9666666666666667 1.0 0.5 0.5 0.6153846153846154 0.5 0.1 0.0625 0.09375 0.125 0.78125 0.05263157894736842 0.16666666666666666 0.5555555555555556 0.6666666666666666 0.5625 0.0625 0.16666666666666666 0.5 0.5 0.6363636363636364 0.1875 0.25 0.375 0.4117647058823529 0.6666666666666666 0.3 0.0 0.2777777777777778 0.7333333333333333 0.2413793103448276 0.5217391304347826 0.6956521739130435 0.0 0.6 0.11904761904761904
0.6190476190476191 0.9333333333333333 0.38461538461538464 0.9166666666666666 0.5454545454545454 0.17857142857142858 0.9583333333333334 0.9090909090909091 0.6875 0.8947368421052632 0.6666666666666666 0.25 0.23809523809523808 0.21428571428571427 0.6666666666666666 0.8 0.3333333333333333 0.16 0.9565217391304348
0.6666666666666666 0.6 0.5 0.8666666666666667 0.23076923076923078 0.3076923076923077 0.18181818181818182 0.1875 0.0 0.7142857142857143 0.42857142857142855 0.7142857142857143 0.55 0.23076923076923078 0.782608695652174 0.8260869565217391 0.8333333333333334 0.18181818181818182 0.14285714285714285 0.45161290322580644 0.0 0.3333333333333333 0.0 0.8 0.0 0.2 0.5 0.875 0.6428571428571429 0.36 0.8181818181818182 0.0 1.0 0.0 0.5 0.0 0.14285714285714285 0.7894736842105263 0.15625 0.25 0.047619047619047616 0.19047619047619047 0.47619047619047616 0.3684210526315789 0.5 0.14285714285714285 0.5 1.0 0.09090909090909091 0.0 0.2857142857142857 0.15789473684210525 0.0 0.6086956521739131 0.5909090909090909 0.0 0.4482758620689655 0.21739130434782608 0.391304347826087 0.041666666666666664 0.5 0.5909090909090909
0.7142857142857143
0.7619047619047619 0.8181818181818182 0.8461538461538461 0.9444444444444444 0.875 1.0 0.3333333333333333 0.6 0.9285714285714286 0.8666666666666667 0.25 0.8333333333333334 0.5 0.7692307692307693 0.5 0.5555555555555556 0.72 0.875 0.7857142857142857 0.25 0.8571428571428571 0.9375 0.9166666666666666 0.2857142857142857 0.3333333333333333 0.3333333333333333 0.875 0.5 0.34782608695652173 0.9333333333333333 0.4166666666666667
0.9047619047619048 1.0 1.0
0.9523809523809523
0.0 0.38461538461538464 0.05 0.1875 1.0 0.375 1.0 0.18181818181818182 0.2727272727272727 0.16666666666666666 0.75 0.75 0.8333333333333334 0.125 0.16666666666666666 0.7894736842105263
0.8 0.7142857142857143 0.5333333333333333 0.9565217391304348 0.5714285714285714 0.43333333333333335 0.47368421052631576 0.2 0.7857142857142857
1.0 0.7857142857142857 0.4 0.4666666666666667 0.5416666666666666
0.16666666666666666
0.3333333333333333
0.8333333333333334
1.0 0.85 0.0 0.6666666666666666 0.65 0.5789473684210527 0.5 0.5714285714285714 0.4166666666666667 0.8181818181818182 0.9375
0.0
0.25 0.15384615384615385
0.5 0.5714285714285714 0.8260869565217391 0.5625 0.06666666666666667 0.6363636363636364 0.25 0.9285714285714286 0.2 0.0 1.0 0.9166666666666666 0.9722222222222222 0.25 0.9166666666666666 0.9761904761904762
0.75
0.0625 0.07142857142857142 0.7333333333333333 0.14285714285714285 0.5 0.6923076923076923 0.0 0.4166666666666667
0.125 0.6 0.23076923076923078 0.2 0.6153846153846154 0.46153846153846156 0.3333333333333333 0.6923076923076923 0.2222222222222222 0.5 0.07142857142857142 0.8333333333333334 0.29411764705882354 0.2222222222222222 0.25 0.375 0.4 0.07692307692307693 0.3076923076923077 0.16129032258064516 0.25806451612903225 0.25 0.4375 0.2727272727272727 0.65 0.0 0.375 0.42857142857142855 0.25 0.09090909090909091 0.0 0.0 0.3076923076923077 0.2857142857142857 0.0 0.2 0.3333333333333333 0.5 0.125 0.0 0.3076923076923077 0.05263157894736842 0.21052631578947367 0.1875 0.4375 0.15384615384615385 0.1 0.4 0.4666666666666667 0.0 0.4 0.2222222222222222 0.07142857142857142 0.4444444444444444 0.42857142857142855 0.16666666666666666 0.5 0.0 0.375 0.13043478260869565 0.15151515151515152 0.16666666666666666 0.2631578947368421 0.7222222222222222 0.041666666666666664 0.0 0.6521739130434783 0.4523809523809524 0.8
0.1875
0.25
0.3125
0.375 0.6129032258064516 0.42105263157894735 0.8181818181818182 0.1875 0.1111111111111111 0.6818181818181818 0.56 0.26666666666666666 0.6818181818181818
0.4375
0.5 0.6842105263157895 0.1875 0.7391304347826086 0.25 0.7083333333333334
0.5625 0.4 0.36363636363636365 0.6666666666666666 0.0 0.0 0.1282051282051282 0.6666666666666666
0.625
0.6875 0.25 0.06666666666666667 0.2857142857142857 0.3333333333333333
0.75 0.2857142857142857 0.5714285714285714 0.8461538461538461 0.9130434782608695 0.7777777777777778 0.75 0.5 0.6818181818181818 0.6842105263157895 0.13333333333333333 1.0 0.46153846153846156 0.6111111111111112
0.8125 0.8695652173913043
0.875
1.0 0.8666666666666667 0.5
0.09090909090909091
0.18181818181818182
0.2727272727272727 0.0 0.1111111111111111 0.5416666666666666 0.2903225806451613 0.10526315789473684 0.1
0.36363636363636365 0.8181818181818182 0.5 1.0 0.5625 0.8125 1.0 0.3888888888888889
0.6363636363636364
0.7272727272727273
0.9090909090909091
1.0
0.0 0.0 0.0 0.5625 0.5 0.3333333333333333 0.1111111111111111 0.0 0.2631578947368421 0.45454545454545453 0.5625 0.2727272727272727 0.46153846153846156 0.0 0.0 0.23809523809523808
0.1 0.0625 0.125 0.6875 0.05555555555555555 0.9444444444444444 0.5357142857142857 0.375 0.16666666666666666 0.29411764705882354 0.3225806451612903 0.05263157894736842 0.36363636363636365 0.36363636363636365 0.07142857142857142 0.13636363636363635 0.06666666666666667 0.13636363636363635
0.3 0.4375 0.65625 0.42857142857142855 0.4583333333333333 0.23529411764705882 0.2727272727272727 0.6875 0.2727272727272727
0.4 0.5 0.75 0.5 0.25 0.3125 0.0 0.08333333333333333 0.75 0.7647058823529411 0.6666666666666666 0.5 0.0625 0.3076923076923077 0.24 0.6333333333333333 0.23684210526315788 0.47368421052631576
0.7 0.3076923076923077 1.0 0.26666666666666666 0.6666666666666666 0.8666666666666667 1.0 0.6923076923076923 0.38461538461538464 0.5384615384615384 0.5625 0.8125 0.14285714285714285 0.6666666666666666 0.8095238095238095 0.0 0.15384615384615385 0.2777777777777778 0.14285714285714285 0.7916666666666666 0.0 0.13043478260869565 0.5 0.0 0.0 0.23076923076923078 0.1935483870967742 0.2903225806451613 0.3 0.07142857142857142 0.5714285714285714 0.375 0.23076923076923078 0.14285714285714285 0.24 0.07142857142857142 0.25 0.38461538461538464 0.8461538461538461 0.15789473684210525 0.125 0.1875 0.5 1.0 0.23076923076923078 0.4166666666666667 0.2 0.15384615384615385 0.19230769230769232 0.9230769230769231 0.9615384615384616 0.3 0.5333333333333333 0.0 0.6666666666666666 0.84 0.96 0.03125 0.08333333333333333 0.125 0.625 0.041666666666666664 0.4375 0.6875 0.17391304347826086 0.09090909090909091 0.30303030303030304 0.20833333333333334 0.7586206896551724 0.0 0.12 0.28 1.0 0.47619047619047616 1.0
0.8
0.9 0.6470588235294118 0.03333333333333333
0.21428571428571427 0.9411764705882353 0.06666666666666667 0.21428571428571427
0.35714285714285715 0.16666666666666666
0.42857142857142855 0.6666666666666666 0.23529411764705882 0.5 1.0 0.15384615384615385 0.8823529411764706 0.7692307692307693 0.875 0.8125 0.2857142857142857 0.6923076923076923 0.5 0.125 0.9 0.09090909090909091 0.75 0.0 0.4090909090909091 0.36363636363636365 0.6363636363636364 1.0 0.5 0.3684210526315789 0.2 1.0 0.6666666666666666 0.65625 0.45454545454545453 0.6428571428571429 0.7647058823529411 0.2564102564102564 0.3333333333333333 0.2619047619047619
0.5 0.3181818181818182 0.5454545454545454 0.23076923076923078
0.5714285714285714
0.6428571428571429
1.0 0.7272727272727273 0.16666666666666666 0.0 0.9 0.9333333333333333
0.0 0.6
0.0625 0.75 0.8235294117647058 0.8 0.6111111111111112 0.8333333333333334 0.35714285714285715 0.21428571428571427 0.25 0.23076923076923078 0.0 1.0 0.0 1.0 0.43478260869565216 0.5882352941176471 0.0 0.375 0.84
0.125 0.6363636363636364 0.6818181818181818 0.45454545454545453 0.09090909090909091 0.3076923076923077 0.6153846153846154 0.0 0.038461538461538464 0.4230769230769231 0.46153846153846156 0.5384615384615384 0.5769230769230769 0.6153846153846154 0.7307692307692307 0.0 0.0 0.25 0.5 0.75 0.0 0.038461538461538464 0.38461538461538464 1.0 0.5 0.0 0.045454545454545456 0.0 0.0 0.06666666666666667 0.2 0.07142857142857142 0.8571428571428571 0.0 0.06666666666666667 0.2 0.26666666666666666 0.5333333333333333 0.6 0.2727272727272727 0.9583333333333334 0.6666666666666666 0.2 0.6666666666666666 0.5 0.7142857142857143 0.35714285714285715 0.5333333333333333 0.375 0.5 0.7692307692307693 0.9 0.3076923076923077 0.6666666666666666 0.1111111111111111 0.14285714285714285 0.8571428571428571 0.3333333333333333 1.0 0.16666666666666666 0.8611111111111112 1.0 0.6190476190476191
0.1875
0.25 0.6521739130434783 0.6363636363636364 0.42105263157894735 0.5833333333333334
0.3125
0.375
0.4375
0.5
0.5625
0.625
0.6875
0.75
0.8125
0.875 0.5357142857142857
0.2727272727272727 0.17647058823529413 0.05
0.36363636363636365 0.3333333333333333 0.2 0.13333333333333333
0.45454545454545453 0.034482758620689655 0.30434782608695654
0.5454545454545454
0.6363636363636364 0.3333333333333333
0.8181818181818182
0.9090909090909091 0.34285714285714286 0.9714285714285714
0.14285714285714285
0.2857142857142857
0.42857142857142855
0.7142857142857143 0.7692307692307693 0.8333333333333334 0.34615384615384615 1.0 0.75 0.6875 0.5454545454545454 0.8387096774193549 0.8181818181818182 0.5 0.8333333333333334 0.9285714285714286 1.0 1.0 0.9 0.7142857142857143 0.8571428571428571 0.6086956521739131 0.5555555555555556 0.6
0.8571428571428571
1.0 0.6 1.0 0.4444444444444444 0.7272727272727273 0.29411764705882354 0.0 0.8 0.5714285714285714 0.08333333333333333
0.06666666666666667 0.46153846153846156 0.0 1.0 1.0 0.0 0.0
0.13333333333333333 0.07692307692307693 0.0 0.0 0.08695652173913043
0.26666666666666666
0.3333333333333333 0.7692307692307693 0.5294117647058824 0.09090909090909091 0.15384615384615385 0.0 0.5 0.48 0.8181818181818182 0.45454545454545453 0.375 0.4375 0.3125 0.9130434782608695 0.5 0.1724137931034483 0.5641025641025641
0.4 0.18181818181818182 0.23076923076923078 0.125 0.52 0.8636363636363636 0.5714285714285714 0.375 0.5416666666666666
0.4666666666666667 0.5714285714285714 0.2222222222222222 0.5161290322580645 0.21428571428571427 0.46875 0.5 0.20689655172413793 0.6153846153846154 0.5
0.5333333333333333 0.058823529411764705
0.6 0.0 0.5384615384615384 0.11764705882352941 0.7 0.7333333333333333 0.6521739130434783 0.5384615384615384 0.6923076923076923 0.6666666666666666 0.5416666666666666 0.0 0.46153846153846156 0.6923076923076923 0.6666666666666666 0.7916666666666666 0.42857142857142855 0.625 0.5454545454545454 0.0 0.0625 0.7272727272727273 0.0 0.4 0.36363636363636365 1.0 0.42105263157894735 0.26666666666666666 0.5833333333333334 0.7333333333333333 0.625 0.3333333333333333 0.6666666666666666 0.4 0.9285714285714286 0.3125 0.8571428571428571 1.0 0.7 0.4117647058823529 0.5882352941176471 0.0 0.6521739130434783 0.4444444444444444 0.30952380952380953 0.2894736842105263
0.7333333333333333 0.5454545454545454 0.8666666666666667 0.5277777777777778 0.35714285714285715
0.8 0.2727272727272727 0.09090909090909091 0.7857142857142857 0.75 0.3333333333333333 0.20833333333333334 0.875 0.0 0.3125 0.15384615384615385 0.18181818181818182 0.041666666666666664 0.9166666666666666 0.9230769230769231 0.44 0.0 0.8421052631578947 0.25 0.09523809523809523 0.2608695652173913 0.42857142857142855 0.5555555555555556 0.08 0.0 0.08333333333333333 0.42857142857142855 0.42105263157894735
1.0 0.4642857142857143 0.8461538461538461 0.8055555555555556
0.15384615384615385 0.05555555555555555 0.6111111111111112 0.782608695652174 1.0 0.7058823529411765 0.13333333333333333 0.5833333333333334 0.6363636363636364 1.0 0.0 0.5555555555555556 0.75 0.84375 0.0625 0.48484848484848486 0.6363636363636364 0.5294117647058824 0.4 0.3888888888888889 0.20833333333333334 0.3793103448275862 0.56
0.38461538461538464
0.5384615384615384 1.0 0.125
0.9230769230769231 0.6363636363636364
0.3333333333333333
0.4 0.47619047619047616 0.7142857142857143
0.4666666666666667 0.3125 0.5 0.7272727272727273 0.5238095238095238
0.6 0.23809523809523808
0.7333333333333333
0.8
0.16666666666666666
0.3333333333333333
0.5
0.6666666666666666 0.75
0.8333333333333334
1.0
0.15384615384615385 0.8095238095238095 1.0 1.0 0.5 0.25 0.6666666666666666 0.75 0.875
0.5384615384615384 0.875
0.8461538461538461 0.5897435897435898
0.9230769230769231 0.6428571428571429 0.2 0.5384615384615384
1.0 0.8461538461538461 1.0 0.4230769230769231 0.8333333333333334 0.45454545454545453 0.6774193548387096 0.25 1.0 0.5 1.0 0.6428571428571429 0.4 0.8461538461538461 1.0 0.6666666666666666 1.0 0.2 1.0
0.26666666666666666
0.3333333333333333 0.75
0.4666666666666667 0.2857142857142857
0.6
0.6666666666666666
0.7333333333333333
0.8
0.8666666666666667
0.9333333333333333 0.75 0.7272727272727273 0.6363636363636364 0.75 0.625 1.0 1.0 1.0 0.3333333333333333 1.0 0.8 0.2222222222222222 0.5 1.0 0.3157894736842105 0.0625 0.68
0.1875
0.25 0.7083333333333334 0.3333333333333333
0.3125
0.625 0.8888888888888888 0.0 0.16666666666666666 0.3333333333333333 0.5555555555555556
0.875
0.9375
1.0
0.6153846153846154
0.6923076923076923
0.7692307692307693
0.0 0.0
0.25
0.5
1.0
0.047619047619047616 0.4444444444444444 0.6785714285714286 0.3333333333333333 0.6470588235294118 0.47368421052631576 0.7894736842105263 0.3333333333333333 0.25 0.7272727272727273 0.5454545454545454 1.0 0.1111111111111111 0.3333333333333333 0.43333333333333335
0.09523809523809523 0.5 0.6666666666666666 0.5263157894736842 0.3333333333333333 0.6363636363636364 0.6363636363636364 0.9375 0.0 0.0 0.4
0.14285714285714285
0.19047619047619047
0.23809523809523808
0.2857142857142857
0.38095238095238093
0.42857142857142855
0.47619047619047616 0.16666666666666666
0.5238095238095238
0.5714285714285714
0.6190476190476191 0.5
0.6666666666666666 0.2857142857142857 0.2777777777777778 0.7 0.3 0.0 1.0 0.25 0.21739130434782608 0.8695652173913043 0.6111111111111112
0.7142857142857143
0.7619047619047619
0.8571428571428571
0.9047619047619048
0.9523809523809523
0.0 0.0 0.0 0.0
0.5 0.09090909090909091 0.1111111111111111
0.09090909090909091
0.36363636363636365
0.45454545454545453 1.0
0.5454545454545454
0.9090909090909091 0.9642857142857143 0.5 0.8888888888888888 1.0
1.0 1.0 0.9285714285714286 1.0
0.125 0.7727272727272727
0.25 0.047619047619047616
0.375
0.4375
0.625
0.6875
0.75
0.875 0.8823529411764706
0.9375 0.8461538461538461 0.6470588235294118 0.375 0.3125
1.0
0.125 0.5
0.25 1.0 0.6875 0.0 0.4444444444444444 0.25 0.26666666666666666 0.0 0.29411764705882354 0.2727272727272727
0.5
0.625
0.75
0.875
1.0
0.3181818181818182 0.7142857142857143 0.5
0.36363636363636365
0.4090909090909091
0.45454545454545453 0.6875 0.6842105263157895 0.6666666666666666
0.5 0.625 0.7894736842105263 0.625
0.5454545454545454 0.7916666666666666
0.5909090909090909 0.75
0.6363636363636364 0.8333333333333334
0.7727272727272727 0.07692307692307693 0.1875 0.4090909090909091 0.4857142857142857 0.11538461538461539 0.24242424242424243 0.36363636363636365 0.696969696969697 0.05714285714285714 1.0
0.8181818181818182
0.9545454545454546
1.0 0.4857142857142857
0.6 0.25
0.8
1.0
0.09523809523809523
0.19047619047619047
0.2857142857142857
0.3333333333333333
0.38095238095238093
0.42857142857142855
0.6190476190476191
0.8571428571428571
0.9047619047619048 0.6071428571428571 0.4
0.9523809523809523 0.88
0.6153846153846154 0.4230769230769231
1.0 0.11764705882352941 0.17647058823529413 0.5294117647058824 0.6774193548387096
0.2
0.4
0.6
0.8 1.0
0.3333333333333333
0.18181818181818182 0.07692307692307693 0.7307692307692307 0.875 0.5652173913043478 0.6111111111111112 0.32142857142857145 0.7 0.8333333333333334 0.0 0.18181818181818182 0.03225806451612903 0.45454545454545453 0.2727272727272727 0.6 0.5 0.45454545454545453 0.8 0.8888888888888888 0.6875 0.1111111111111111 0.2727272727272727 0.5714285714285714 0.7058823529411765 0.2777777777777778
0.2727272727272727
0.9090909090909091 0.6666666666666666 1.0 0.6 1.0 1.0 0.1 0.4 0.8571428571428571 0.75 1.0 0.8888888888888888 1.0 0.8709677419354839 0.0 1.0 1.0 0.4 1.0 1.0 0.6666666666666666 1.0 1.0 1.0 0.7 0.5 0.8 1.0 1.0 0.8888888888888888 0.5 0.6666666666666666 0.09090909090909091 0.42857142857142855 1.0 0.4444444444444444 1.0 0.8888888888888888 0.8974358974358975 1.0
0.16666666666666666
0.3333333333333333 0.0 0.045454545454545456 0.8181818181818182 0.0 0.1111111111111111 0.18181818181818182 0.5384615384615384 0.08695652173913043 0.14285714285714285 0.18181818181818182 0.03333333333333333 0.5666666666666667 0.19047619047619047 0.18181818181818182
0.5555555555555556 0.36666666666666664
0.6666666666666666
0.18181818181818182
0.2727272727272727
0.45454545454545453 1.0
0.8181818181818182 0.2 0.36363636363636365 0.7272727272727273 0.7 0.7142857142857143 0.7857142857142857 0.8 1.0 0.5 0.6 0.8571428571428571 0.9285714285714286
0.375
1.0
0.0
0.2 0.9130434782608695 0.5384615384615384 0.6 0.8 0.2222222222222222 0.5 0.75 0.8181818181818182 0.14285714285714285 0.42857142857142855 0.75 0.45454545454545453
0.4 0.9565217391304348 0.3333333333333333 0.9090909090909091 0.5 0.6666666666666666 0.36363636363636365
0.8
1.0 0.6666666666666666 0.25 1.0 0.3333333333333333
0.0 0.5 0.4375 0.875
0.17647058823529413 0.75 0.6470588235294118
0.29411764705882354
0.35294117647058826
0.4117647058823529
0.47058823529411764
0.5882352941176471 0.5416666666666666 0.5454545454545454 0.9565217391304348
0.7058823529411765
0.0
0.25
1.0 0.9545454545454546 0.7916666666666666 0.9545454545454546
0.6
0.21428571428571427
0.35714285714285715 0.9285714285714286 0.9 0.22580645161290322 0.9166666666666666 0.22727272727272727 0.7631578947368421 0.22727272727272727
0.42857142857142855 0.15
0.8571428571428571
0.3333333333333333
0.5
0.07142857142857142 0.07142857142857142
0.14285714285714285 0.5142857142857142 0.08
0.21428571428571427 0.6285714285714286 0.12 0.21428571428571427
0.2857142857142857 0.2857142857142857
0.35714285714285715 0.35714285714285715
0.5 0.5714285714285714
0.5714285714285714 0.5
0.6428571428571429
0.7142857142857143 0.7857142857142857
0.7857142857142857 0.26666666666666666 0.125 0.6666666666666666 0.8571428571428571
0.8571428571428571 0.9285714285714286
0.9285714285714286 1.0
0.125
0.25
0.75 0.9 0.8125 0.7142857142857143 0.7142857142857143 0.4
0.0 0.25
0.125
0.375
0.5
0.625
0.75 0.8181818181818182
0.875
1.0
0.0
0.043478260869565216
0.08695652173913043
0.13043478260869565
0.17391304347826086
0.21739130434782608 1.0
0.2608695652173913
0.30434782608695654
0.34782608695652173
0.391304347826087
0.43478260869565216
0.4782608695652174
0.5217391304347826
0.5652173913043478
0.6086956521739131
0.6956521739130435
0.7391304347826086
0.782608695652174
0.8695652173913043
0.0
0.1
0.2
0.3 0.5 0.6
0.4
0.7
0.8
0.9
1.0
0.0
0.07142857142857142 0.2857142857142857 0.125
0.14285714285714285 0.7857142857142857 0.625
0.21428571428571427 0.8571428571428571 0.46153846153846156 0.9 0.625 0.9090909090909091 0.75 0.7142857142857143 0.5833333333333334 0.7333333333333333
0.2857142857142857 0.9285714285714286 0.7894736842105263 0.5384615384615384 0.4 0.8 0.7083333333333334 0.6666666666666666 0.4090909090909091 0.8636363636363636 0.631578947368421 0.875 0.7857142857142857 0.6666666666666666 0.7878787878787878
0.35714285714285715
0.42857142857142855
0.5
0.5714285714285714
0.6428571428571429
0.7142857142857143 0.5
0.0
0.09090909090909091 0.07692307692307693 0.8125 0.8214285714285714 0.4166666666666667 0.25
0.18181818181818182
0.2727272727272727
0.36363636363636365
0.45454545454545453
0.7272727272727273 0.4666666666666667 0.21428571428571427
1.0
0.0
0.07692307692307693
0.15384615384615385
0.23076923076923078 0.7692307692307693
0.3076923076923077 0.39285714285714285 0.9090909090909091
0.38461538461538464 0.5 0.0 0.35 0.0 0.42857142857142855 0.11538461538461539 0.34615384615384615 0.9615384615384616 0.0 0.09090909090909091 0.4375 0.2 0.4 1.0 0.3333333333333333 0.14705882352941177 0.20588235294117646 0.5882352941176471 0.7647058823529411 0.9117647058823529 0.13333333333333333 0.0 0.6818181818181818 0.14285714285714285 0.6857142857142857 0.32 0.5 0.42857142857142855 0.8571428571428571
0.46153846153846156
0.5384615384615384 0.6666666666666666 0.7083333333333334 0.6410256410256411
0.6153846153846154
0.6923076923076923
0.7692307692307693
0.8461538461538461 0.5 0.7142857142857143
0.0
0.06666666666666667
0.13333333333333333
0.2
0.26666666666666666
0.3333333333333333 0.0
0.4
0.4666666666666667 0.25
0.5333333333333333
0.6666666666666666 0.8421052631578947 0.9230769230769231 0.96 0.3333333333333333
0.7333333333333333
0.8
0.8666666666666667
0.9333333333333333
0.0 0.10526315789473684 0.21052631578947367 0.3157894736842105 0.3684210526315789 0.47368421052631576
0.05263157894736842 0.0
0.15789473684210525
0.2631578947368421
0.42105263157894735
0.5263157894736842
0.5789473684210527 0.5
0.631578947368421
0.7368421052631579 0.15625 0.6956521739130435 0.3333333333333333 0.5641025641025641
0.8421052631578947 0.8888888888888888
0.8947368421052632
1.0
0.0
0.07692307692307693
0.15384615384615385
0.23076923076923078
0.3076923076923077 0.25
0.38461538461538464 0.0
0.46153846153846156
0.6153846153846154
0.6923076923076923
0.8461538461538461
0.9230769230769231
0.0
0.07692307692307693
0.15384615384615385
0.23076923076923078
0.38461538461538464
0.46153846153846156
0.5384615384615384 0.9 0.07692307692307693
0.6923076923076923
0.9230769230769231
0.08333333333333333 0.375
0.16666666666666666
0.25 0.3333333333333333
0.4166666666666667
0.5833333333333334 0.75 0.2692307692307692 0.4166666666666667 0.6956521739130435 0.23529411764705882 0.09090909090909091 0.36363636363636365
0.75 0.0 0.5 0.21428571428571427 0.25
0.8333333333333334 0.0 0.5 0.5 0.0 0.3 0.4 1.0 0.7692307692307693
0.9166666666666666
1.0
0.0 0.0 0.2857142857142857 0.42857142857142855 0.7142857142857143 0.0 0.4 0.0 0.13333333333333333 0.26666666666666666 0.4 0.8666666666666667 0.0 0.09090909090909091 0.18181818181818182 0.26666666666666666
0.2
0.4 0.1111111111111111
0.6
0.125
0.25
0.375
0.625
0.75
0.11538461538461539 0.8235294117647058 1.0
0.19230769230769232 0.3157894736842105 0.47368421052631576 0.631578947368421 0.5882352941176471
0.23076923076923078
0.38461538461538464 0.5833333333333334
0.5
0.6538461538461539
0.6923076923076923
0.7692307692307693
0.8076923076923077
0.8461538461538461
0.8846153846153846 0.10526315789473684 0.21052631578947367 0.058823529411764705 0.29411764705882354 0.4117647058823529 0.7647058823529411 0.0 0.1111111111111111 0.16666666666666666 0.2222222222222222 0.4444444444444444 0.5555555555555556 1.0 0.11538461538461539 0.25 0.2857142857142857 0.5 0.8214285714285714 0.14285714285714285 0.5714285714285714 0.15 0.25 0.2857142857142857 0.5714285714285714 0.7142857142857143 0.0 0.8076923076923077 0.0 0.125 0.625 0.16666666666666666 0.5 0.09375 0.125 0.4375 0.75 0.1875 0.03571428571428571 0.14285714285714285 0.17857142857142858 0.25 0.2857142857142857 0.6071428571428571 0.6428571428571429 0.043478260869565216 0.08695652173913043 0.13043478260869565 0.17391304347826086 0.21739130434782608 0.2608695652173913 0.30434782608695654 0.43478260869565216 0.3 0.0 0.0 0.041666666666666664 0.125 0.16666666666666666 0.5 0.0 0.6666666666666666 0.7777777777777778 0.0 0.041666666666666664 0.16666666666666666 0.25 0.0 0.25 0.043478260869565216 0.17391304347826086 0.2608695652173913 0.8695652173913043 0.38461538461538464 0.8461538461538461 0.5588235294117647 1.0 0.02857142857142857 0.45454545454545453 0.15789473684210525 0.04 0.8275862068965517 0.9655172413793104 0.3333333333333333 0.35714285714285715 0.07692307692307693 0.4
0.9230769230769231 0.17647058823529413 0.15384615384615385 0.625 0.10714285714285714 0.32142857142857145 0.13333333333333333 0.4 0.0 0.20833333333333334 0.08333333333333333 0.16666666666666666 0.08695652173913043 0.21739130434782608 0.05714285714285714 0.6
0.9615384615384616 0.23529411764705882 0.25 0.06666666666666667 0.3333333333333333
1.0
0.05263157894736842
0.15789473684210525
0.2631578947368421
0.3684210526315789 0.23076923076923078 0.7692307692307693 0.0
0.42105263157894735
0.5263157894736842 0.9411764705882353 0.6923076923076923 1.0 0.46875 0.90625 0.9375 0.5217391304347826 0.3076923076923077 0.9230769230769231 0.2 0.5 0.7419354838709677 0.4 0.1 0.1 0.45454545454545453 0.8461538461538461 0.45454545454545453 0.6 0.375 0.6 0.59375 0.2 0.6 0.42857142857142855 0.1111111111111111 0.18181818181818182 0.7142857142857143 0.28205128205128205 0.6956521739130435
0.5789473684210527 0.78125 0.3333333333333333
0.6842105263157895
0.7368421052631579
0.11764705882352941
0.35294117647058826
0.47058823529411764
0.5294117647058824
0.6470588235294118
0.7058823529411765
1.0 0.125 0.75 0.25 0.6666666666666666
0.125
0.25 0.0 0.16666666666666666 0.0
0.375 0.5833333333333334
0.75 1.0 1.0 0.18181818181818182 0.2 0.4444444444444444
0.875
1.0
1.0
0.2777777777777778
0.3333333333333333
0.3888888888888889
0.5
0.6666666666666666
0.7777777777777778 0.6 0.2 0.35714285714285715
0.8333333333333334
0.19230769230769232
0.23076923076923078
0.3076923076923077 0.5833333333333334 0.47368421052631576 0.125 0.6060606060606061
0.38461538461538464
0.4230769230769231 0.7727272727272727
0.5 0.45454545454545453 1.0 0.6428571428571429 0.8333333333333334 0.8484848484848485 0.5555555555555556
0.5769230769230769 0.7083333333333334 0.9545454545454546 0.8 0.7380952380952381
0.6153846153846154 0.5384615384615384 0.6666666666666666 0.7142857142857143
0.6538461538461539 0.9166666666666666 0.8787878787878788
0.8076923076923077 0.6 0.0625
0.8846153846153846
0.0
0.03571428571428571
0.07142857142857142
0.10714285714285714 0.0625
0.14285714285714285
0.17857142857142858
0.21428571428571427
0.32142857142857145
0.35714285714285715
0.39285714285714285
0.4642857142857143
0.5714285714285714
0.6428571428571429
0.6785714285714286 0.14285714285714285 0.6 0.16666666666666666 0.5 0.2 0.07142857142857142 0.9230769230769231 0.625 0.6666666666666666 0.7391304347826086 0.05128205128205128 0.23076923076923078 0.358974358974359 0.48717948717948717
0.7857142857142857
0.8571428571428571
0.8928571428571429
0.9285714285714286
0.9642857142857143
1.0 0.7272727272727273
0.0
0.5
1.0 0.3333333333333333 0.2 0.75 0.5 0.5555555555555556 0.8064516129032258 1.0 0.6363636363636364 0.9473684210526315 0.9166666666666666 0.3333333333333333 0.9166666666666666 0.35294117647058826 1.0
0.0
0.05 0.42857142857142855
0.1
0.2
0.3
0.45
0.5
0.75
0.8571428571428571
0.038461538461538464
0.07692307692307693
0.15384615384615385
0.19230769230769232 0.75 0.18181818181818182 0.4 0.14285714285714285 0.0
0.5384615384615384
0.5769230769230769 0.75 0.5 0.8181818181818182 0.20833333333333334 0.8125 0.7428571428571429
0.6153846153846154 0.8333333333333334 0.8636363636363636 0.2631578947368421
0.6923076923076923
0.7307692307692307
0.7692307692307693 0.75
0.8846153846153846 0.6764705882352942
0.9230769230769231 0.6176470588235294
0.1
0.2
0.3
0.7
0.8
1.0
0.25
0.75
0.8333333333333334 0.375
0.4
0.6
0.8 0.5 0.21052631578947367
1.0 0.0
0.0
0.13636363636363635 0.2727272727272727 0.4090909090909091
0.18181818181818182 0.22727272727272727
0.3181818181818182 0.05555555555555555 0.2 0.0 0.3333333333333333 0.32 0.8181818181818182 1.0 0.0 0.3
0.45454545454545453
0.5
0.5454545454545454 0.6363636363636364 0.8181818181818182
0.5909090909090909
0.6818181818181818
0.7272727272727273
0.7727272727272727
0.8636363636363636
0.9090909090909091
0.9545454545454546
1.0
0.03125
0.21875 0.3888888888888889
0.28125
0.34375
0.375
0.40625 0.35 0.5789473684210527 0.20512820512820512
0.5 0.5
0.53125 0.71875 0.1
0.59375
0.84375 0.25 0.07692307692307693 0.2727272727272727 0.5 0.5454545454545454 0.2222222222222222
0.96875 0.16666666666666666 0.7272727272727273
0.0625 0.125 0.3125 0.5 0.5625 0.1875
0.8
0.21428571428571427
0.35714285714285715
0.4642857142857143 0.05555555555555555 0.8636363636363636 0.45454545454545453 0.5
0.7142857142857143 0.3888888888888889
0.75 0.4444444444444444
0.7857142857142857
0.3333333333333333
0.4666666666666667
0.6086956521739131 0.46153846153846156
0.8260869565217391 0.55
0.0
0.1
0.2
0.4
0.7
0.8
0.6
0.8
0.0
0.03125
0.0625
0.09375
0.125
0.15625
0.1875
0.21875
0.25 0.625 0.8125
0.3125
0.34375
0.375
0.40625
0.4375
0.46875
0.5
0.53125
0.5625
0.59375
0.625
0.65625
0.6875
0.71875
0.75 0.8214285714285714 0.9722222222222222 0.8181818181818182
0.78125
0.8125 0.1 0.7368421052631579 0.38095238095238093
0.84375 0.9375 0.5714285714285714
0.875
0.90625
0.96875
0.20833333333333334
0.25
0.2916666666666667
0.5833333333333334
0.625
0.7916666666666666
0.8333333333333334
0.9166666666666666 0.0
0.36363636363636365 1.0 0.6666666666666666 0.9166666666666666 0.5 0.42857142857142855 0.9166666666666666 0.8571428571428571 0.9090909090909091 0.75 0.7142857142857143 1.0 0.34615384615384615 0.6666666666666666 0.7777777777777778 0.3333333333333333 0.18181818181818182 0.8333333333333334 0.5217391304347826 0.6875 0.8888888888888888 0.7692307692307693 0.8333333333333334 0.6363636363636364 0.6666666666666666
0.7272727272727273 0.0 0.375 0.4
0.8181818181818182
0.9090909090909091 0.55
1.0 0.0 0.6666666666666666 0.9487179487179487
0.5
0.2222222222222222
0.3333333333333333
0.4444444444444444
0.5555555555555556
0.8888888888888888
1.0
0.08333333333333333 0.2916666666666667 0.4583333333333333 0.0 0.3333333333333333 1.0 0.75 0.8333333333333334 0.782608695652174
0.125
0.375
0.5 0.4 0.46153846153846156 0.6666666666666666
0.5416666666666666 0.5384615384615384 1.0
0.875 0.08333333333333333 0.1875 0.25 0.3333333333333333 0.375 0.42857142857142855 1.0 0.2916666666666667 0.05555555555555555 0.2608695652173913
0.9166666666666666 0.2727272727272727 0.7857142857142857 0.06451612903225806 0.41935483870967744 0.375 0.5833333333333334 0.64 0.3125 0.3125 0.5 0.14285714285714285 0.5238095238095238 0.08333333333333333
0.30434782608695654 0.21428571428571427
0.34782608695652173
0.391304347826087
0.43478260869565216
0.5217391304347826 0.1 0.5416666666666666 0.08571428571428572
0.5652173913043478
0.6521739130434783 0.2647058823529412 0.0 0.18181818181818182 0.05 0.625 0.625 0.7083333333333334 0.8333333333333334 0.23076923076923078 0.1875 0.5 0.2727272727272727 0.08333333333333333 0.16666666666666666 0.8333333333333334 1.0 0.3076923076923077 0.4 0.7 0.3 0.1875 0.34375 0.40625 0.16666666666666666 0.1111111111111111 1.0 0.5333333333333333 0.9583333333333334
0.7391304347826086 0.06666666666666667 0.1 0.14285714285714285 0.44 0.1875 0.5 0.3333333333333333 0.0 0.76
0.15384615384615385 0.3333333333333333
0.0 0.4117647058823529
0.029411764705882353 0.4411764705882353
0.058823529411764705 0.47058823529411764 0.3333333333333333 0.7 0.6666666666666666
0.08823529411764706 0.5 0.25 0.8
0.38235294117647056
0.7352941176470589
0.7941176470588235
0.8235294117647058
0.8529411764705882
0.4
0.8
1.0
0.0 0.41379310344827586 0.375
0.08333333333333333
0.16666666666666666
0.25
0.3333333333333333
0.4166666666666667 0.8285714285714286
0.5 0.14285714285714285
0.5833333333333334 0.625 0.17142857142857143 0.8857142857142857
0.6666666666666666 0.9142857142857143
0.9166666666666666 1.0 0.75
1.0
0.0
0.1111111111111111
0.4444444444444444 0.5
0.5 0.45 0.2 0.21428571428571427 0.3055555555555556
0.5555555555555556
0.7222222222222222
0.8333333333333334
0.8888888888888888 0.36363636363636365
0.0 0.32142857142857145 0.8571428571428571 0.16666666666666666 0.7 0.9714285714285714 0.6666666666666666 0.7948717948717948
0.25 0.6666666666666666 0.9411764705882353 0.5454545454545454 0.6875 0.7272727272727273
0.5
0.75
1.0
0.0 0.03571428571428571 0.4 0.4166666666666667
0.07142857142857142
0.10714285714285714
0.14285714285714285
0.17857142857142858 0.8333333333333334 0.25 0.4666666666666667 0.36 0.25
0.21428571428571427
0.35714285714285715 0.7692307692307693 0.8064516129032258 0.0625 0.75 0.3181818181818182 0.5333333333333333 0.5
0.42857142857142855
0.5
0.5357142857142857
0.5714285714285714
0.6071428571428571
0.6428571428571429 0.14285714285714285 0.02631578947368421 0.15789473684210525 0.631578947368421
0.6785714285714286
0.7142857142857143
0.75
0.7857142857142857
0.8214285714285714
0.8928571428571429
0.9642857142857143 0.5833333333333334 0.3333333333333333 0.35714285714285715 0.9 0.6363636363636364 0.5 0.6666666666666666 0.4444444444444444 0.7142857142857143 0.8571428571428571 0.6666666666666666 0.5714285714285714 1.0 0.6190476190476191 0.8571428571428571 0.9230769230769231 0.47368421052631576 0.5416666666666666 0.7272727272727273 0.5 0.7692307692307693
1.0 1.0 0.9230769230769231 0.9285714285714286 0.8333333333333334 0.5
0.0
0.75 0.6666666666666666 0.2727272727272727 1.0 0.8 0.6666666666666666 0.7692307692307693 0.0 0.8181818181818182
1.0
0.041666666666666664
0.08333333333333333
0.125
0.16666666666666666
0.2916666666666667
0.3333333333333333
0.5
0.625 0.46153846153846156
0.7916666666666666 0.7368421052631579 0.8571428571428571 0.5128205128205128
0.9583333333333334
1.0 1.0
0.0
0.5
1.0
0.0 0.7 0.5454545454545454
0.3333333333333333
0.15384615384615385
0.23076923076923078
0.3076923076923077
0.38461538461538464
0.5384615384615384
0.6153846153846154
0.6923076923076923
0.7692307692307693
0.8461538461538461
0.9230769230769231
1.0 0.16666666666666666 0.5 0.6666666666666666 0.9166666666666666
0.0
0.03333333333333333 0.6
0.2 0.28
0.23333333333333334 0.0 0.35714285714285715 0.8571428571428571 0.3888888888888889 0.7777777777777778
0.26666666666666666
0.3
0.36666666666666664
0.4
0.43333333333333335
0.4666666666666667
0.5
0.5333333333333333 0.2857142857142857
0.5666666666666667
0.6333333333333333 1.0 1.0 0.75 1.0 0.3333333333333333 0.3333333333333333 1.0 1.0 1.0 0.8095238095238095
0.6666666666666666
0.8
0.8666666666666667 0.9487179487179487
0.9
0.9333333333333333
1.0
0.1
0.7
0.8 0.8235294117647058 1.0 0.36363636363636365 0.8125 0.13333333333333333 0.8 0.6428571428571429 0.7333333333333333 0.75 0.7777777777777778 0.8666666666666667 1.0 0.8205128205128205 0.8333333333333334 1.0 0.45454545454545453 0.9047619047619048
0.9 0.8823529411764706 0.95 0.9333333333333333 0.68 0.8461538461538461 0.25
1.0
0.0 0.25
0.058823529411764705
0.11764705882352941
0.17647058823529413
0.23529411764705882
0.29411764705882354
0.35294117647058826
0.4117647058823529 0.38095238095238093
0.47058823529411764
0.5294117647058824 0.5625
0.5882352941176471 0.3125 0.6875 0.7777777777777778
0.7058823529411765
0.7647058823529411
0.16666666666666666 1.0 0.4 0.4166666666666667 0.16666666666666666
0.4166666666666667
0.6666666666666666 1.0 0.8333333333333334 0.2 1.0 0.8571428571428571 1.0 1.0 0.9393939393939394 0.3684210526315789 0.75 0.6153846153846154 0.76 0.5714285714285714 0.9444444444444444 0.5789473684210527 0.875 0.8181818181818182 0.8205128205128205 0.1111111111111111 1.0 0.8571428571428571 1.0
0.75
0.8333333333333334
0.9166666666666666 0.5142857142857142
1.0
0.0 0.09090909090909091 0.5714285714285714 0.0
0.2 0.7391304347826086
0.0 0.4375 0.10526315789473684 0.04 0.18181818181818182
0.625
0.75
0.875
0.0 0.15384615384615385 0.0 0.5333333333333333 0.2857142857142857
0.2727272727272727
0.36363636363636365 1.0 0.6923076923076923
0.6363636363636364
0.7272727272727273 0.5
0.8181818181818182 0.6
0.9090909090909091
0.0 0.3333333333333333
0.16666666666666666 0.6666666666666666
0.5 0.2
0.8333333333333334
1.0
0.0 0.0625 0.9 0.1 0.5714285714285714
0.125
0.1875
0.25
0.3125
0.375
0.4375 0.9090909090909091
0.625
0.6875
0.75
0.8125
0.9375
0.0 0.23076923076923078
0.7 0.0 0.9333333333333333
0.9
0.0
0.09090909090909091
0.18181818181818182
0.2727272727272727
0.36363636363636365
0.45454545454545453
0.5454545454545454
0.6363636363636364
0.7272727272727273
0.8181818181818182
0.9090909090909091
1.0
0.2777777777777778
0.5 0.3
0.5555555555555556
0.7777777777777778
0.9444444444444444
0.6363636363636364 0.2
0.7272727272727273
0.8181818181818182
0.9090909090909091
1.0
0.5384615384615384 0.8333333333333334 0.4358974358974359
0.6153846153846154
0.7692307692307693
0.8461538461538461
0.9230769230769231
0.0
0.25
0.5
1.0
0.18181818181818182
0.5454545454545454 0.0 0.5 0.0 0.5 0.8461538461538461 0.9142857142857143 1.0 1.0 1.0 0.7948717948717948
0.8181818181818182
0.9090909090909091 0.7142857142857143 0.125
1.0
0.07692307692307693
0.9230769230769231
1.0
0.0
0.1
0.2
0.3 0.4
0.6
0.8
1.0
0.0
1.0
0.0
0.03571428571428571
0.07142857142857142 0.07142857142857142
0.10714285714285714
0.25
0.42857142857142855
0.4642857142857143
0.5357142857142857
0.5714285714285714 0.6666666666666666
0.6071428571428571 0.8620689655172413
0.6428571428571429 0.4117647058823529
0.6785714285714286
0.7142857142857143
0.75
0.8571428571428571
0.8928571428571429 0.1794871794871795 0.6666666666666666
0.9285714285714286
0.9642857142857143
1.0
0.0 0.5 0.6470588235294118 0.0
0.058823529411764705
0.11764705882352941
0.35294117647058826
0.47058823529411764
0.5294117647058824 0.42105263157894735
0.5882352941176471
0.7058823529411765
0.8235294117647058 1.0
0.3333333333333333
0.6666666666666666
1.0
0.16666666666666666
0.4166666666666667
0.5833333333333334 0.11428571428571428 0.5
1.0 0.875 1.0 0.2222222222222222
0.1 0.14285714285714285 0.18181818181818182
0.2 0.2 0.9166666666666666 0.2727272727272727
0.3 0.36363636363636365
0.4 0.45454545454545453 0.9285714285714286
0.6
0.8 1.0 1.0 0.8636363636363636 0.6363636363636364 0.8636363636363636
0.03225806451612903
0.0967741935483871
0.12903225806451613
0.22580645161290322
0.3225806451612903
0.3870967741935484 0.16666666666666666
0.5161290322580645
0.5483870967741935 0.5
0.5806451612903226 0.26666666666666666
0.6129032258064516 0.5 0.5
0.6451612903225806 0.9 0.16666666666666666 0.875 0.7142857142857143 0.6666666666666666 0.5555555555555556
0.7096774193548387
0.7741935483870968
0.8709677419354839
0.9032258064516129
0.9354838709677419
0.967741935483871
1.0
0.14285714285714285
0.21428571428571427
0.2857142857142857
0.42857142857142855 0.2222222222222222
0.6428571428571429
0.9285714285714286
1.0
0.25
0.375 1.0
0.75 0.26666666666666666 0.5833333333333334
0.875 0.625 0.7435897435897436 0.9047619047619048
1.0 1.0 1.0 0.3333333333333333 1.0 0.88 0.3333333333333333
0.5
0.6666666666666666
0.8333333333333334
1.0
0.0
0.08333333333333333
0.5 0.2857142857142857
0.6666666666666666
0.8 0.7435897435897436 0.9
1.0
0.0
0.08333333333333333 0.2222222222222222
0.3333333333333333 0.4444444444444444
0.5 0.6666666666666666
0.5833333333333334
1.0
0.09090909090909091 0.16666666666666666
0.7272727272727273
0.8181818181818182 0.8333333333333334 0.65 0.0 0.8666666666666667 0.7916666666666666 0.8823529411764706
0.35 0.95
0.4 1.0
0.45
0.6
0.7
0.75
0.8
0.85
0.9
0.14285714285714285
0.2857142857142857
0.35714285714285715
0.42857142857142855
0.5 0.2 0.9285714285714286
0.5714285714285714 0.42857142857142855 0.0 0.3333333333333333 0.375 0.04 0.90625 0.14285714285714285 0.5 0.3076923076923077
0.6428571428571429
0.7857142857142857
0.8571428571428571 0.25 0.8181818181818182
0.9285714285714286
0.0625 0.4166666666666667 0.07692307692307693
0.125 0.5625
0.25
0.375 0.4666666666666667 0.2222222222222222 1.0 0.5555555555555556
0.4375
0.5625
0.625
0.875
0.9375
1.0 0.0 0.16666666666666666 0.5 0.12121212121212122
0.25
0.5 0.9565217391304348
0.5625
0.875 0.75
0.9375
0.0 1.0
0.2 0.8 0.8333333333333334 1.0 0.8571428571428571
0.3333333333333333
0.5333333333333333
0.6 0.875
0.7333333333333333
0.9333333333333333
1.0
0.0
0.1111111111111111
0.2222222222222222 0.0 0.3333333333333333
0.3333333333333333
0.5555555555555556
0.6666666666666666 0.1111111111111111 0.9333333333333333
0.7777777777777778 1.0 1.0
1.0 0.9032258064516129 0.23076923076923078
0.0 0.625 0.75 0.5789473684210527
0.25 0.7857142857142857 0.9583333333333334 0.7272727272727273 0.5789473684210527 0.2222222222222222 0.875 1.0 0.0
0.5
0.2
0.3
0.6
0.9 0.45 0.8
1.0
0.0
0.0625
0.125 0.22727272727272727 0.6363636363636364
0.375 0.22727272727272727 1.0 0.6666666666666666 1.0 0.7142857142857143 0.8 0.28125 0.2916666666666667 0.6521739130434783 0.6285714285714286 0.2 0.5238095238095238
0.4375 0.12903225806451613 0.5909090909090909 0.6388888888888888
0.5625 0.41025641025641024
0.8125
0.875
0.9375
0.0 0.0 0.34285714285714286
0.07142857142857142
0.2857142857142857
0.7857142857142857
0.9285714285714286
1.0
0.2222222222222222
0.3333333333333333
0.4444444444444444
0.5555555555555556
0.8888888888888888
1.0
0.4166666666666667 0.08333333333333333
0.5 0.45454545454545453 0.6 0.8
0.5833333333333334
0.75
0.9166666666666666
1.0
0.3181818181818182 0.24 0.6086956521739131 0.08333333333333333
0.36363636363636365
0.5
0.5454545454545454 0.0
0.5909090909090909
0.6363636363636364
0.7272727272727273
0.7727272727272727
0.9090909090909091 0.041666666666666664
0.9545454545454546
1.0
0.0
1.0
0.3
0.6
0.7
0.85
0.95
0.0 0.0 0.5 0.5 0.0
0.125
0.375
0.5 1.0
0.625 0.2 0.8 0.7894736842105263 1.0 0.6666666666666666
0.0
0.25 0.5
0.375 0.625
0.75
0.875
1.0
0.07692307692307693
0.23076923076923078
0.3076923076923077
0.38461538461538464
0.6153846153846154
0.6923076923076923
0.9230769230769231
1.0
0.0
0.14285714285714285
0.21428571428571427
0.2857142857142857
0.42857142857142855
0.5
0.5714285714285714
0.6428571428571429
0.8571428571428571
0.9285714285714286
1.0
0.3333333333333333 0.21052631578947367
0.4
0.4666666666666667 0.75
0.5333333333333333
0.6
0.6666666666666666
0.8666666666666667
0.0
0.05555555555555555
0.1111111111111111
0.16666666666666666 0.7777777777777778
0.2777777777777778 0.2631578947368421 0.2222222222222222
0.3333333333333333 0.3157894736842105
0.5 0.5263157894736842
0.6111111111111112 0.631578947368421 0.6666666666666666
0.6666666666666666 0.6842105263157895 0.7222222222222222
0.7222222222222222
0.7777777777777778
0.8333333333333334
0.8888888888888888 0.8421052631578947 1.0
0.9444444444444444
1.0
0.1111111111111111
0.6666666666666666
0.7777777777777778 0.5 0.4 0.92
1.0
0.0
0.5
0.0
0.3333333333333333
0.6666666666666666
1.0
0.14285714285714285
0.2857142857142857
0.7857142857142857
0.8571428571428571 0.6
0.9285714285714286
1.0
0.041666666666666664
0.08333333333333333
0.125
0.16666666666666666
0.25 0.875 0.7142857142857143
0.2916666666666667 0.8333333333333334 0.9375 0.6857142857142857
0.7916666666666666
0.8333333333333334 0.4444444444444444 0.5555555555555556 0.8333333333333334
1.0
0.0
0.06666666666666667
0.13333333333333333
0.2
0.3333333333333333
0.4
0.4666666666666667
0.6666666666666666
0.8
0.8666666666666667
0.9333333333333333
1.0 1.0
0.0
0.14285714285714285
0.2857142857142857
0.42857142857142855
0.5714285714285714 0.7142857142857143
1.0
0.05 0.36363636363636365
0.15
0.2
0.25
0.3
0.35
0.4
0.5 0.9090909090909091 0.5 0.8333333333333334 0.625 0.75
0.85
0.9 0.8 0.4444444444444444
0.0
0.2857142857142857
0.7142857142857143 0.8333333333333334 0.5952380952380952
0.8571428571428571 0.6428571428571429
0.36363636363636365
1.0 0.7777777777777778
0.2727272727272727
0.45454545454545453
0.5454545454545454 0.125
0.6363636363636364
0.7272727272727273
0.8181818181818182
1.0
0.08333333333333333
0.125
0.16666666666666666
0.20833333333333334
0.4583333333333333 0.42857142857142855 0.4666666666666667 0.16 0.25 0.16666666666666666 0.0
0.6666666666666666
0.0
0.08571428571428572
0.14285714285714285
0.17142857142857143
0.2 0.75 0.42424242424242425 0.7575757575757576 0.3076923076923077
0.22857142857142856
0.2571428571428571
0.2857142857142857
0.3142857142857143
0.37142857142857144
0.4 0.5 0.2
0.45714285714285713
0.5428571428571428
0.5714285714285714
0.6
0.6571428571428571
0.7428571428571429
0.7714285714285715 0.2
0.8 0.1
0.8571428571428571
0.8857142857142857
0.9428571428571428
0.15384615384615385
0.7692307692307693 0.8260869565217391 0.5
0.125
0.75
0.0
0.027777777777777776
0.05555555555555555
0.08333333333333333
0.1111111111111111 0.5277777777777778
0.1388888888888889 0.5555555555555556
0.16666666666666666 0.5833333333333334
0.19444444444444445 0.6111111111111112
0.2222222222222222 0.6388888888888888
0.25 0.6666666666666666
0.2777777777777778
0.3055555555555556 0.6944444444444444
0.3333333333333333 0.7222222222222222
0.3611111111111111 0.75
0.4166666666666667 0.8055555555555556
0.4444444444444444 0.8333333333333334
0.4722222222222222 0.8611111111111112
0.5 1.0
0.8888888888888888
0.9166666666666666
0.9444444444444444
0.0
0.09090909090909091
0.13636363636363635
0.2727272727272727
0.36363636363636365
0.4090909090909091
0.5
0.5454545454545454
0.5909090909090909
0.0
0.5714285714285714
0.8571428571428571
1.0
0.0 0.15384615384615385 0.46153846153846156 0.7692307692307693 0.1111111111111111 0.0625
0.07692307692307693 0.23076923076923078 0.5384615384615384
0.3076923076923077
0.38461538461538464
0.6153846153846154
0.6923076923076923
0.8461538461538461 0.2222222222222222
0.9230769230769231
1.0
0.4444444444444444 0.75
0.06666666666666667
0.13333333333333333
0.6
0.6666666666666666
0.7333333333333333
0.8 0.75
0.06451612903225806
0.0967741935483871
0.16129032258064516
0.1935483870967742
0.3548387096774194
0.3870967741935484
0.41935483870967744 0.4090909090909091 0.4090909090909091
0.45161290322580644
0.4838709677419355 0.36363636363636365
0.5483870967741935 0.4583333333333333 0.6410256410256411
0.5806451612903226
0.6451612903225806
0.7096774193548387 0.045454545454545456 0.045454545454545456
0.7419354838709677
0.7741935483870968
0.9354838709677419
0.967741935483871
1.0
0.07142857142857142
0.14285714285714285
0.21428571428571427
0.2857142857142857
0.35714285714285715
0.42857142857142855
0.5
0.5714285714285714
0.7857142857142857
1.0
0.0 0.08695652173913043
0.043478260869565216
0.13043478260869565
0.17391304347826086
0.21739130434782608
0.2608695652173913 0.391304347826087 0.9130434782608695 1.0
0.30434782608695654
0.34782608695652173
0.43478260869565216
0.4782608695652174
0.5217391304347826
0.5652173913043478
0.6086956521739131
0.6521739130434783
0.6956521739130435
0.7391304347826086
0.782608695652174
0.8260869565217391
0.8695652173913043
0.9565217391304348
0.0
0.09090909090909091
0.18181818181818182
0.2727272727272727
0.36363636363636365
0.6363636363636364
1.0
0.21052631578947367
0.3157894736842105
0.3684210526315789
0.631578947368421 0.5
0.6842105263157895
0.8421052631578947
1.0
0.5
1.0
0.28
0.56 0.6363636363636364 0.53125 0.5454545454545454 0.5454545454545454
0.84
0.88
0.92
0.96
1.0
0.14285714285714285 1.0
0.5714285714285714
1.0
0.16666666666666666 0.08333333333333333 0.3333333333333333
0.5 0.5833333333333334
0.6666666666666666 0.09090909090909091 0.09090909090909091
0.0 0.7142857142857143
0.25
0.5
1.0
0.3333333333333333
0.0
0.4166666666666667
0.5
0.6666666666666666 1.0 0.0 0.7142857142857143
0.1
0.2
0.6
0.9 0.7 0.043478260869565216
1.0 0.6
0.3181818181818182
0.5909090909090909
0.6818181818181818
0.7272727272727273
0.7727272727272727
0.9090909090909091
0.9545454545454546
1.0 0.0 0.3333333333333333
0.5
0.2
0.6 0.6
0.8 0.5714285714285714 0.8
0.0
0.14285714285714285
0.2857142857142857
0.42857142857142855
0.0
0.5
1.0 0.0 0.3333333333333333
0.0 0.3333333333333333
0.0 0.5 0.0 0.0 0.5 0.0 0.0 0.0 0.0 0.0 0.0 0.0 0.0 0.0 0.0 0.0 0.0 0.2222222222222222 0.0 0.0 0.0 0.0 0.0 0.0 0.0 0.0 0.0 0.3333333333333333 1.0 0.0 0.0
0.5 0.9
1.0
0.0
0.09090909090909091 0.42105263157894735
0.18181818181818182
0.36363636363636365 0.0
0.45454545454545453
0.5454545454545454
0.7272727272727273 0.75
0.045454545454545456
0.09090909090909091
0.13636363636363635
0.18181818181818182
0.22727272727272727
0.5 1.0 1.0
0.6363636363636364 0.38095238095238093
0.7272727272727273
0.8181818181818182 0.5416666666666666
0.0
0.125
0.375
0.5625
0.625
1.0
0.2 0.04
0.3
0.4
0.5 0.3125
0.6
0.0 0.8 1.0 0.14285714285714285 0.2692307692307692 0.25 0.3333333333333333 0.16666666666666666 0.47058823529411764 0.3125 0.4166666666666667 0.2777777777777778 0.35714285714285715 0.023809523809523808
0.6
0.2 0.5625
0.3
0.7
0.5
0.125 0.13333333333333333
0.375
0.6363636363636364
0.7272727272727273 0.75
0.8181818181818182
0.9090909090909091
0.2857142857142857
0.35714285714285715
0.42857142857142855
0.5714285714285714
0.6428571428571429
1.0
0.1
0.4
0.6
0.7
0.8
0.9
0.0
1.0 0.5625
0.0 1.0 0.0 0.0
0.0
0.1
0.2
0.8
0.9
1.0
0.2222222222222222
0.4444444444444444
0.7777777777777778
0.8888888888888888
1.0
0.0
0.0
0.3333333333333333
0.0 0.0 0.0
0.14285714285714285
0.2857142857142857
0.35714285714285715
0.42857142857142855
0.5
0.5714285714285714
0.6428571428571429
1.0
0.0
0.0625 0.6666666666666666
0.25
0.3125
0.4375
0.5
0.8125
0.875
0.9375
1.0
0.14285714285714285 0.5
0.2857142857142857 0.375
0.42857142857142855
0.4166666666666667
0.5833333333333334
0.6666666666666666
0.75
0.9166666666666666
0.46153846153846156
0.6153846153846154
0.6923076923076923
0.0
0.0625
0.5625 0.11428571428571428
0.6875
1.0
0.09090909090909091
0.18181818181818182
0.7272727272727273 0.3333333333333333 0.4583333333333333 0.7142857142857143
1.0 0.0 0.038461538461538464
0.42857142857142855
0.5714285714285714
0.7142857142857143
0.8571428571428571
0.0 0.0
0.16666666666666666
0.4166666666666667 0.3
0.5833333333333334 0.1
0.6666666666666666 0.6
0.75 0.16666666666666666
0.9166666666666666
0.42857142857142855 0.3333333333333333 0.4666666666666667 0.8095238095238095
0.8571428571428571 0.32
0.2
0.4
0.8
1.0
0.1
0.3
0.7
0.9
0.10526315789473684
0.9473684210526315
0.1
0.23333333333333334
0.3
0.36666666666666664
0.4
0.5
0.0 0.0 0.25
0.0625
0.75
0.8125
1.0
0.6
0.8
1.0
0.0
0.125
0.25
0.75
0.8125
0.875
0.07692307692307693
0.9230769230769231 0.8
1.0 0.17391304347826086 0.16666666666666666 0.28205128205128205
0.14285714285714285
0.2857142857142857
0.5714285714285714
1.0
0.16666666666666666
0.3333333333333333
0.8333333333333334
1.0
0.09090909090909091
0.5454545454545454
0.9090909090909091
1.0
0.0
0.08333333333333333
0.16666666666666666 0.9666666666666667
0.5
0.5833333333333334
0.6666666666666666
0.75
0.8333333333333334
0.9166666666666666
1.0
0.08333333333333333 0.3333333333333333
0.25
0.6666666666666666
1.0
0.5
0.0
0.14285714285714285
0.2857142857142857
0.42857142857142855
0.5714285714285714
1.0
0.7
0.7142857142857143
0.8571428571428571
1.0
0.0
0.07692307692307693
0.38461538461538464
0.46153846153846156
0.5769230769230769
0.6153846153846154
0.6538461538461539
0.6923076923076923
0.7307692307692307
0.7692307692307693
0.8076923076923077
0.8461538461538461
0.8846153846153846
1.0 0.3333333333333333
0.5
0.125
0.375
0.8333333333333334
0.125
0.9333333333333333
1.0
0.2222222222222222
0.7777777777777778
0.16
0.36
0.4
0.64
0.68
0.72
0.76
0.8
0.1111111111111111
0.7777777777777778
0.375
0.875
1.0
0.5
0.75 0.10256410256410256 0.08695652173913043
0.06666666666666667 0.631578947368421
0.13333333333333333
0.2
0.26666666666666666
0.3333333333333333
0.4
0.4666666666666667
0.5333333333333333
0.6
0.7333333333333333 1.0 0.0
0.5714285714285714
0.7619047619047619
0.9047619047619048
0.9523809523809523
1.0
0.0 0.21052631578947367 0.09090909090909091 0.3333333333333333 0.1 0.6875 0.3333333333333333
0.3157894736842105
0.5263157894736842 0.8888888888888888 0.0
0.7368421052631579 0.7083333333333334
0.8421052631578947
0.8947368421052632
0.9473684210526315
1.0
0.0
0.25
0.5
0.75 0.7142857142857143 0.25 0.9375
0.3333333333333333
0.5555555555555556
0.6666666666666666
0.0
0.9090909090909091
1.0
1.0
0.14285714285714285 1.0
0.2857142857142857
0.5714285714285714 0.3333333333333333
0.8571428571428571
0.5555555555555556 0.8888888888888888 1.0 0.8888888888888888 0.8333333333333334 1.0 1.0 1.0
0.42857142857142855
0.0 0.8
0.16666666666666666 0.41025641025641024
0.6666666666666666
1.0
0.0 0.0
0.6666666666666666
0.7777777777777778 0.5 0.42857142857142855 1.0 0.125 0.75
0.4444444444444444
1.0
0.2
0.3
0.4
0.5
0.2857142857142857
1.0
0.5
0.45454545454545453 0.09090909090909091
0.375
0.4375 0.7619047619047619
0.5
0.8125
0.875
0.16666666666666666 0.3333333333333333
0.5
0.6666666666666666
0.125
0.1875
1.0
0.4375
0.5 0.08
0.5625
0.625
0.6875
0.75
0.8125
0.875
1.0
0.8333333333333334
0.1 0.875
0.3
0.6
0.6666666666666666
1.0 0.3076923076923077 0.6363636363636364
0.6428571428571429
0.7142857142857143
0.4
0.6
0.3333333333333333
1.0
0.0
0.0625
0.4375
0.5
0.5625
0.6875
0.8125
0.875
0.9375
1.0
0.3
0.4
0.5
0.6
0.8
0.9
1.0
0.07142857142857142
0.14285714285714285 0.2777777777777778
0.35714285714285715 0.8333333333333334 0.25
0.5 0.3333333333333333
0.7857142857142857 0.5238095238095238
0.9285714285714286
0.16666666666666666 1.0
0.20833333333333334
0.25
0.5 0.047619047619047616
0.625
0.7083333333333334
0.75
0.7916666666666666
0.875
0.9583333333333334
0.07692307692307693
0.15384615384615385
0.23076923076923078
0.38461538461538464 0.8260869565217391
0.6153846153846154
0.6923076923076923 0.8333333333333334
0.7692307692307693
0.9230769230769231
0.5
0.625
0.75
0.8125
0.875
0.9375
1.0 0.9130434782608695
0.0
0.25
0.375
0.5
0.625
1.0
0.0
0.16666666666666666
0.3333333333333333
0.5
0.8333333333333334
0.043478260869565216
0.30434782608695654 0.8717948717948718 0.7619047619047619
0.34782608695652173
0.391304347826087
0.4782608695652174
0.5652173913043478 0.631578947368421
0.6956521739130435
0.0
0.07692307692307693
0.38461538461538464
0.46153846153846156
0.5384615384615384
0.6153846153846154
0.6923076923076923
0.8461538461538461 0.5789473684210527 0.5625
0.9230769230769231 0.8235294117647058 0.5 0.7777777777777778 0.7916666666666666
0.0
0.030303030303030304
0.06060606060606061
0.18181818181818182 0.625
0.21212121212121213
0.2727272727272727 0.3333333333333333 0.02857142857142857
0.3939393939393939
0.45454545454545453
0.6666666666666666
0.9090909090909091
0.9696969696969697
1.0
0.0
0.5
1.0
0.0
0.05263157894736842 0.7857142857142857
0.10526315789473684
0.15789473684210525
0.21052631578947367
0.2631578947368421
0.3157894736842105 0.8571428571428571
0.3684210526315789
0.47368421052631576
0.5263157894736842
0.5789473684210527
0.631578947368421
0.6842105263157895
0.7368421052631579
0.7894736842105263
0.8421052631578947
0.9473684210526315
0.0 0.8 0.7368421052631579 0.36363636363636365
0.18181818181818182
0.2727272727272727
0.36363636363636365
0.45454545454545453
0.5454545454545454
0.7272727272727273
0.8181818181818182
0.0
0.125
0.25 0.35294117647058826
0.375
0.5
0.625
0.875 1.0
0.06666666666666667
0.13333333333333333
0.2
0.4
0.4666666666666667
0.5333333333333333
0.6
0.6666666666666666
0.7333333333333333
0.8
0.8666666666666667
0.9333333333333333
1.0
0.0
0.058823529411764705
0.11764705882352941
0.17647058823529413
0.23529411764705882
0.5294117647058824
0.7058823529411765
0.7647058823529411
0.8823529411764706
0.9411764705882353
0.0 0.0
0.3333333333333333
0.6666666666666666
0.4
0.6 0.38461538461538464
0.8
0.0
0.05263157894736842
0.10526315789473684
0.15789473684210525
0.42105263157894735
0.47368421052631576
0.5263157894736842
0.6842105263157895
0.7368421052631579
0.8421052631578947
0.8947368421052632
1.0 0.8333333333333334
0.0
0.125 0.43478260869565216 0.9166666666666666 0.8
0.1875 1.0
0.25
0.375
0.4375
0.5
0.5625
0.625
0.6875
0.75
0.875
0.9375
0.0
0.08333333333333333
0.125
0.25
0.2916666666666667
0.3333333333333333
0.5833333333333334
0.875
0.9166666666666666
0.9583333333333334
1.0
0.125
0.375
0.5
0.75
0.07142857142857142
0.14285714285714285
0.21428571428571427
0.2857142857142857
0.35714285714285715 0.6666666666666666
0.42857142857142855
0.5
0.5714285714285714
0.6428571428571429
0.7142857142857143
0.08333333333333333
0.16666666666666666
0.25
0.4166666666666667
0.5 0.14285714285714285
0.5833333333333334
0.6666666666666666
0.75
0.8333333333333334 0.75
1.0
0.16666666666666666
0.5
0.6666666666666666
0.0
0.08333333333333333
0.25
0.5833333333333334
0.75
0.8333333333333334
1.0
1.0
0.0
0.5714285714285714
1.0
0.0
0.16666666666666666
0.3333333333333333
0.5
0.6666666666666666
0.8333333333333334
1.0
0.0
0.058823529411764705
0.11764705882352941
0.23529411764705882
0.8235294117647058
0.8823529411764706
0.9411764705882353
1.0
0.0 0.0
0.06666666666666667
0.13333333333333333 0.11764705882352941
0.2 0.17647058823529413
0.4 0.4117647058823529
0.4666666666666667
0.5333333333333333 0.5882352941176471
0.6 0.6470588235294118
0.6666666666666666 0.7058823529411765
0.7333333333333333 0.7647058823529411
0.8 0.8235294117647058
0.9333333333333333 0.9411764705882353
1.0 1.0
0.2857142857142857
0.42857142857142855 0.6666666666666666
0.8571428571428571
0.6
0.8
0.0 0.75
0.02564102564102564
0.05128205128205128
0.07692307692307693
0.15384615384615385
0.3333333333333333
0.358974358974359 0.6206896551724138
0.38461538461538464
0.4358974358974359
0.48717948717948717
0.5897435897435898
0.6153846153846154
0.717948717948718
0.7692307692307693 0.3684210526315789
0.8461538461538461
0.9743589743589743
1.0
0.0
0.09090909090909091
0.18181818181818182
0.2727272727272727
0.36363636363636365
0.45454545454545453
0.5454545454545454
0.6363636363636364
0.8181818181818182
0.9090909090909091
1.0
0.0
0.125
0.25
0.375
0.625
1.0
0.3125 0.9230769230769231
0.375
0.4375
0.625
0.75
0.8125
0.875
1.0
0.6
0.7
0.0
0.05555555555555555
0.1111111111111111
0.2222222222222222
0.3333333333333333
0.3888888888888889
0.5
0.6111111111111112
0.6666666666666666
0.7222222222222222
0.8888888888888888
0.9444444444444444
1.0
0.2222222222222222
0.4444444444444444
0.6666666666666666
1.0
0.0
0.1
0.15
0.2
0.25
0.3
0.35
0.4
0.45
0.5
0.55
0.65
0.7
0.75
0.85
0.9
0.95
0.0
0.14285714285714285
0.2857142857142857
0.5714285714285714
0.7142857142857143
0.8571428571428571
1.0
0.0 0.42857142857142855
0.14285714285714285
0.2857142857142857
0.5714285714285714
0.7142857142857143
0.8571428571428571
1.0
0.3157894736842105
0.47368421052631576
0.5263157894736842 0.2608695652173913
0.631578947368421
0.6842105263157895
0.7894736842105263
0.8421052631578947
0.8947368421052632
0.9473684210526315
1.0
0.05555555555555555
0.4444444444444444
0.7777777777777778
0.8333333333333334
0.9444444444444444
1.0
0.08333333333333333
0.375
0.4583333333333333
0.5833333333333334
0.625
0.8333333333333334
0.875
0.9583333333333334 0.8809523809523809
0.0
0.09523809523809523
0.19047619047619047
0.23809523809523808
0.2857142857142857
0.3333333333333333
0.38095238095238093
0.42857142857142855
0.47619047619047616
0.5714285714285714
0.6190476190476191
0.7142857142857143
0.8571428571428571
0.9047619047619048
0.9523809523809523
1.0
0.125
0.25
0.875
1.0
0.13043478260869565
0.17391304347826086
0.21739130434782608
0.30434782608695654
0.4782608695652174
0.5217391304347826
0.5652173913043478
0.7391304347826086
0.782608695652174
0.8260869565217391
0.8695652173913043
1.0
0.21428571428571427
0.6428571428571429
0.7857142857142857
0.0
0.5
0.875 0.45714285714285713 0.8333333333333334
1.0
0.06666666666666667
0.2
0.23333333333333334
0.26666666666666666
0.3
0.3333333333333333
0.36666666666666664
0.4
0.43333333333333335
0.4666666666666667
0.5
0.5666666666666667
0.6
0.6333333333333333
0.6666666666666666
0.7
0.8
0.8333333333333334
0.8666666666666667
0.9666666666666667
1.0
0.0 0.0
0.2727272727272727 0.2727272727272727
0.3181818181818182 0.3181818181818182
0.36363636363636365
0.45454545454545453 0.45454545454545453
0.6363636363636364 0.6363636363636364
0.7272727272727273 0.7272727272727273
0.7727272727272727
0.8181818181818182 0.8181818181818182
0.9090909090909091 0.9090909090909091
1.0 1.0
0.0
0.8461538461538461 0.8333333333333334
1.0
0.08333333333333333
0.16666666666666666 0.5833333333333334 0.8333333333333334 0.7222222222222222 0.8333333333333334 0.9583333333333334 0.5555555555555556 0.7777777777777778 0.2916666666666667 0.7777777777777778 0.0 0.125 0.47619047619047616 0.8095238095238095
0.25
0.4166666666666667
0.5
0.75
0.28
0.36
0.4
0.44
0.48
0.52
0.72
0.8 0.0
0.84
0.88
0.92
0.96
1.0 0.5294117647058824
0.0
0.2
0.4
0.6
0.8
1.0
0.0
0.2 0.0
0.2571428571428571
0.2857142857142857
0.3142857142857143
0.37142857142857144 0.2222222222222222
0.4
0.42857142857142855
0.5428571428571428
0.6571428571428571
0.7714285714285715
0.8
0.8571428571428571
0.9428571428571428
1.0
0.06896551724137931
0.10344827586206896
0.13793103448275862
0.3448275862068966
0.4827586206896552
0.5172413793103449
0.5517241379310345
0.5862068965517241
0.6551724137931034
0.6896551724137931
0.7241379310344828 0.8666666666666667
0.896551724137931
0.9310344827586207
0.027777777777777776
0.1388888888888889
0.19444444444444445
0.2222222222222222
0.3611111111111111
0.3888888888888889
0.4166666666666667
0.4722222222222222 0.16666666666666666
0.5833333333333334
0.6944444444444444
0.7222222222222222
0.7777777777777778
0.8333333333333334
0.8888888888888888 1.0
0.9444444444444444
1.0
0.0
0.08333333333333333
0.16666666666666666
0.3333333333333333
0.4166666666666667
0.5833333333333334
0.8333333333333334 0.5454545454545454
0.05555555555555555
0.1111111111111111 0.6666666666666666 0.0 1.0 0.0 0.0 0.0 0.0 0.0
0.16666666666666666 0.3333333333333333 0.75
0.2222222222222222
0.2777777777777778
0.3888888888888889
0.4444444444444444
0.5
0.5555555555555556
0.6111111111111112
0.05263157894736842 0.0
0.10526315789473684 0.05555555555555555
0.15789473684210525 0.1111111111111111
0.21052631578947367 0.16666666666666666
0.3684210526315789
0.7368421052631579 0.7777777777777778
0.7894736842105263
0.8947368421052632
0.9473684210526315
0.0
0.13043478260869565
0.34782608695652173
0.43478260869565216
0.4782608695652174
0.782608695652174
0.8695652173913043
0.9130434782608695
0.20833333333333334
0.2916666666666667
0.3333333333333333 0.23333333333333334 0.047619047619047616
0.4166666666666667
0.5833333333333334
0.625
0.6666666666666666
0.7083333333333334
0.75
0.6666666666666666
1.0
0.1111111111111111
0.6666666666666666
0.1
0.13333333333333333
0.16666666666666666
0.2
0.26666666666666666
0.6
0.7
0.7333333333333333
0.7666666666666667
0.8666666666666667
0.9
0.08333333333333333
0.25
0.4166666666666667
0.5833333333333334
0.6666666666666666
0.9166666666666666
0.06666666666666667
0.4
0.6
0.25
0.041666666666666664
0.125
0.16666666666666666
0.20833333333333334
0.25
0.3333333333333333
0.375
0.5
0.6666666666666666
0.7083333333333334
0.75
0.875
0.9166666666666666
1.0 0.16666666666666666 0.2857142857142857
0.058823529411764705
0.23529411764705882
0.47058823529411764
0.6363636363636364
0.7272727272727273
0.9090909090909091
1.0
1.0
0.05555555555555555
0.3888888888888889
0.5555555555555556
0.6111111111111112
0.6666666666666666
0.7222222222222222
0.9444444444444444
1.0
0.0
0.3333333333333333
0.6666666666666666
1.0
0.9090909090909091
0.1
0.2
0.4
0.5
0.7
0.8
0.9
1.0
0.875
1.0
0.16
0.2
0.24
0.32
0.44
0.48
0.52
0.8
0.92
0.0
0.08333333333333333
0.16666666666666666
0.25
0.5
0.8333333333333334
0.9166666666666666
1.0
0.2777777777777778
0.3888888888888889
0.6111111111111112
0.8333333333333334
0.8888888888888888
0.9444444444444444
0.07142857142857142 0.2857142857142857
0.14285714285714285
0.21428571428571427
0.42857142857142855
0.5
0.6428571428571429
0.7142857142857143
0.7857142857142857
0.8571428571428571
0.0
0.3333333333333333
0.4166666666666667
0.5
0.5833333333333334
0.6666666666666666 0.10256410256410256 0.2564102564102564
0.75
0.8333333333333334
0.9166666666666666
1.0
0.0
0.02564102564102564
0.1282051282051282
0.15384615384615385
0.1794871794871795
0.3076923076923077
0.3333333333333333
0.38461538461538464
0.46153846153846156
0.5128205128205128
0.6666666666666666
0.6923076923076923
0.717948717948718
0.8461538461538461
0.8717948717948718
0.9743589743589743
1.0
0.0
0.4444444444444444
0.3333333333333333
0.40476190476190477
0.5476190476190477
0.5714285714285714
0.6190476190476191
0.6666666666666666
0.6904761904761905
0.6
0.0
0.2857142857142857
0.42857142857142855
0.5714285714285714
0.7142857142857143
0.0
0.09090909090909091
0.2727272727272727
0.5454545454545454
0.7272727272727273
0.8181818181818182
0.9090909090909091
1.0
0.0
0.05263157894736842
0.07894736842105263
0.10526315789473684
0.13157894736842105
0.18421052631578946
0.21052631578947367
0.2631578947368421
0.3157894736842105
0.34210526315789475
0.3684210526315789
0.39473684210526316
0.4473684210526316
0.5
0.5263157894736842
0.5526315789473685
0.5789473684210527
0.6052631578947368
0.6578947368421053
0.6842105263157895
0.8157894736842105
0.8421052631578947
0.868421052631579
0.8947368421052632
0.9210526315789473
0.9473684210526315
0.9736842105263158
1.0
0.0
0.5
1.0
0.047619047619047616
0.09523809523809523
0.14285714285714285
0.19047619047619047
0.23809523809523808
0.2857142857142857
0.3333333333333333
0.42857142857142855
0.5238095238095238
0.5714285714285714
0.7142857142857143
0.7619047619047619
0.7727272727272727
